29 0.55546875 0.31484375 0.8828125 0.4921875
49 0.203125 0.3421875 0.40625 0.2375
49 0.08515625 0.60234375 0.1703125 0.3296875
49 0.159375 0.61015625 0.184375 0.334375
49 0.25625 0.6109375 0.1765625 0.3328125
49 0.3546875 0.60234375 0.1796875 0.309375
49 0.446875 0.59765625 0.1703125 0.30625
49 0.53828125 0.590625 0.178125 0.3171875
49 0.63359375 0.5890625 0.16875 0.315625
49 0.72578125 0.5859375 0.171875 0.3109375
49 0.81796875 0.57421875 0.1734375 0.315625
49 0.9046875 0.56640625 0.153125 0.303125