28 0.19212962962962962 0.5598808432630614 0.10956481481481481 0.5331530705774519
28 0.3271574074074074 0.5239871677360219 0.07715740740740741 0.5682859761686526
27 0.4591018518518518 0.4697525206232814 0.09104629629629629 0.7195233730522457
27 0.6219166666666667 0.2383134738771769 0.10493518518518519 0.1924839596700275
27 0.7237685185185185 0.2528230980751604 0.058638888888888886 0.20318056828597617
27 0.804787037037037 0.2566452795600367 0.10648148148148148 0.19553620531622365
27 0.8209907407407407 0.5094683776351971 0.09567592592592593 0.20623281393217233
27 0.7145092592592592 0.5041246562786434 0.07099074074074074 0.18026581118240145
27 0.7175925925925926 0.7561869844179652 0.12037037037037036 0.21998166819431714
27 0.6134259259259259 0.748551787351054 0.0787037037037037 0.23526122823098078
27 0.8155833333333333 0.7554262144821264 0.07252777777777777 0.19401466544454626