29 0.19444444444444445 0.5319452313503306 0.07715740740740741 0.5539848914069877
29 0.33025 0.5106987724268178 0.09876851851851852 0.5838810198300284
29 0.4575648148148148 0.44303116147308785 0.0787037037037037 0.7412653446647781
49 0.632712962962963 0.21404154863078376 0.08025 0.2108876298394712
49 0.716824074074074 0.21246458923512748 0.06018518518518518 0.20144475920679888
49 0.793212962962963 0.21482530689329557 0.07099074074074074 0.1967233238904627
49 0.7091018518518519 0.48473087818696886 0.057101851851851855 0.1794145420207743
49 0.8024722222222221 0.47844192634560906 0.06481481481481481 0.18885741265344666
49 0.6165092592592593 0.7294617563739377 0.08178703703703703 0.23449480642115203
49 0.7052499999999999 0.7452030217186024 0.06481481481481481 0.18413597733711048
49 0.8009259259259259 0.7436260623229461 0.058638888888888886 0.1935788479697828