29 0.19367592592592592 0.5435801312089972 0.0787037037037037 0.5342080599812559
29 0.3279351851851852 0.5154639175257731 0.08796296296296297 0.5904404873477038
29 0.4583333333333333 0.45220243673851923 0.07407407407407407 0.7232146204311153
49 0.6288611111111111 0.23039362699156515 0.08178703703703703 0.19837863167760073
49 0.716824074074074 0.23352389878163074 0.06018518518518518 0.19837863167760073
49 0.7955277777777777 0.23586691658856607 0.07252777777777777 0.19056232427366449
49 0.7137314814814815 0.49359887535145264 0.06018518518518518 0.16869728209934395
49 0.8078703703703703 0.4896907216494845 0.0663611111111111 0.17963448922211808
49 0.6126574074074074 0.7341424554826617 0.06789814814814815 0.23118088097469539
49 0.7075648148148148 0.750543580131209 0.057101851851851855 0.18275538894095594
49 0.8016944444444445 0.7482005623242737 0.05092592592592592 0.19056232427366449