27 0.6296296296296297 0.22254562920268972 0.09876851851851852 0.18892411143131604
27 0.7229907407407408 0.22173871277617677 0.04475 0.2033333333333333
27 0.8109537037037038 0.2241402497598463 0.10339814814814816 0.19532180595581172
27 0.6211388888888889 0.4827089337175792 0.0787037037037037 0.21933717579250722
27 0.7098796296296296 0.49951969260326606 0.06481481481481481 0.16971181556195963
27 0.8163611111111111 0.48751200768491837 0.08025 0.1777137367915466
27 0.6103425925925926 0.74447646493756 0.09104629629629629 0.24015369836695485
27 0.7214537037037037 0.7556868395773294 0.07562037037037037 0.19532180595581172
27 0.8094166666666667 0.7540826128722382 0.06944444444444445 0.19212295869356388
28 0.19521296296296298 0.5435446685878963 0.125 0.5587608069164265
28 0.32484259259259257 0.5187319884726225 0.10030555555555555 0.6147934678194045
28 0.4683611111111111 0.44908741594620555 0.10956481481481481 0.7700960614793467