28 0.19212962962962962 0.5468025949953661 0.08178703703703703 0.5375347544022243
28 0.33025 0.5189990732159406 0.09259259259259259 0.5993234476367006
28 0.4575648148148148 0.44717330861909177 0.10030555555555555 0.7275254865616312
27 0.6296296296296297 0.23632993512511585 0.11419444444444445 0.20080630213160333
27 0.7191388888888889 0.22397590361445782 0.08333333333333333 0.2069786839666358
27 0.8009259259259259 0.23169601482854496 0.08333333333333333 0.1884430027803522
27 0.8155833333333333 0.48887859128822986 0.07252777777777777 0.18380908248378128
27 0.716824074074074 0.49506024096385537 0.0787037037037037 0.17145505097312327
27 0.6087962962962963 0.4834754402224281 0.08487962962962962 0.22242817423540315
27 0.6188240740740741 0.7282947173308619 0.08333333333333333 0.2301482854494903
27 0.7114166666666667 0.7483781278962002 0.06481481481481481 0.18690454124189063
27 0.8101851851851852 0.7445134383688601 0.06481481481481481 0.19771084337349398