28 0.19289814814814815 0.5648064806480648 0.13580555555555554 0.5145544554455446
28 0.3287037037037037 0.5333033303330333 0.1265462962962963 0.5715571557155715
28 0.46219444444444446 0.474050405040504 0.09104629629629629 0.7140684068406841
27 0.6296296296296297 0.28577857785778576 0.12962962962962962 0.21752475247524752
27 0.7245370370370371 0.27002700270027 0.06326851851851852 0.21901890189018902
27 0.8071018518518518 0.2685238523852385 0.09567592592592593 0.171017101710171
27 0.8225277777777779 0.5258055805580558 0.10493518518518519 0.17551755175517553
27 0.7129629629629629 0.5288028802880288 0.061731481481481484 0.16951395139513953
27 0.6134259259259259 0.7553285328532853 0.07562037037037037 0.23552655265526554
27 0.7214537037037037 0.7688298829882988 0.06944444444444445 0.1815211521152115
27 0.8125 0.7658235823582359 0.0663611111111111 0.1905220522052205