27 0.6333333333333333 0.30956375838926176 0.12962962962962962 0.18624161073825504
27 0.7240740740740741 0.31291946308724833 0.0962962962962963 0.1929530201342282
27 0.8175925925925925 0.30956375838926176 0.12037037037037036 0.18624161073825504
27 0.8064814814814815 0.5419463087248322 0.12407407407407407 0.174496644295302
27 0.7129629629629629 0.5570469798657718 0.11481481481481481 0.17785234899328858
27 0.6129629629629629 0.7701342281879194 0.12222222222222222 0.2348993288590604
27 0.7185185185185186 0.7793624161073825 0.07037037037037037 0.16946308724832215
27 0.8314814814814815 0.785234899328859 0.10740740740740741 0.1912751677852349
28 0.19074074074074074 0.5981543624161074 0.11851851851851852 0.4983221476510067
28 0.3314814814814815 0.5738255033557047 0.09259259259259259 0.5570469798657718
28 0.4537037037037037 0.5083892617449665 0.1111111111111111 0.6812080536912751