29 0.19690232558139534 0.5071816479400749 0.08062325581395349 0.5368258426966293
29 0.32402790697674416 0.49157303370786515 0.08372093023255814 0.5898876404494382
29 0.4620186046511628 0.42446629213483145 0.08062325581395349 0.7459456928838951
49 0.6410883720930233 0.20287453183520598 0.07286511627906976 0.19662921348314608
49 0.7224837209302325 0.19819288389513107 0.05271627906976745 0.19351123595505618
49 0.8 0.20521535580524344 0.07441860465116279 0.18258426966292135
49 0.7093023255813954 0.4712827715355805 0.06046511627906977 0.16853932584269662
49 0.8038790697674418 0.4627059925093633 0.07597209302325582 0.17633895131086144
49 0.6108558139534883 0.7100468164794008 0.07132093023255814 0.2372003745318352
49 0.7201581395348837 0.726432584269663 0.06666976744186047 0.19506554307116106
49 0.8054232558139536 0.723314606741573 0.05116279069767442 0.18882958801498126