27 0.6319444444444444 0.25674499564838993 0.08487962962962962 0.18276762402088773
27 0.7253055555555556 0.26109660574412535 0.061731481481481484 0.18276762402088773
27 0.8063240740740741 0.26834638816362055 0.08796296296296297 0.17986945169712792
27 0.8163611111111111 0.5011575282854657 0.09259259259259259 0.1755178416013925
27 0.7137314814814815 0.5033333333333334 0.057101851851851855 0.159556135770235
27 0.6064814814814815 0.48738033072236725 0.11419444444444445 0.19436901653611838
27 0.605712962962963 0.7288946910356832 0.0941388888888889 0.21033072236727587
27 0.7152777777777778 0.7455787641427328 0.06944444444444445 0.16536118363794605
22 0.8032407407407407 0.7455787641427328 0.06018518518518518 0.17116623150565707
28 0.19212962962962962 0.5584508268059182 0.0941388888888889 0.49318537859007827
28 0.3279351851851852 0.5294429939077459 0.10339814814814816 0.5454046997389034
28 0.4583333333333333 0.46779808529155786 0.10802777777777778 0.6803046127067014