28 0.1913611111111111 0.5668103448275862 0.08950925925925926 0.5043103448275862
28 0.33564814814814814 0.5531637931034482 0.09104629629629629 0.5431034482758621
28 0.46219444444444446 0.48562931034482765 0.08487962962962962 0.6810344827586207
27 0.6280833333333333 0.29597413793103444 0.09876851851851852 0.17816379310344826
27 0.720675925925926 0.2923879310344828 0.07407407407407407 0.18247413793103448
27 0.8063240740740741 0.2945431034482759 0.08796296296296297 0.16954310344827586
27 0.8148148148148148 0.5258620689655172 0.06789814814814815 0.18678448275862067
27 0.7222222222222222 0.5330431034482759 0.08950925925925926 0.1724137931034483
27 0.6165092592592593 0.5179568965517242 0.0787037037037037 0.2025862068965517
27 0.6103425925925926 0.7550258620689656 0.09104629629629629 0.21120689655172414
27 0.7129629629629629 0.7701120689655173 0.06481481481481481 0.1724137931034483
27 0.8040092592592593 0.7708362068965516 0.06481481481481481 0.1795948275862069