28 0.1890462962962963 0.5382436260623229 0.08796296296296297 0.5571293673276676
28 0.3325648148148148 0.5162134088762984 0.08487962962962962 0.6074881964117091
28 0.45678703703703705 0.4461756373937677 0.08950925925925926 0.7412653446647781
27 0.6373425925925926 0.21640226628895182 0.10493518518518519 0.20616619452313503
27 0.7214537037037037 0.2242681775259679 0.06326851851851852 0.2219074598677998
27 0.8032407407407407 0.22898961284230407 0.10339814814814816 0.1904343720491029
27 0.8163611111111111 0.48630783758262514 0.09259259259259259 0.20144475920679888
27 0.7129629629629629 0.48316336166194523 0.08333333333333333 0.19200188857412653
27 0.6165092592592593 0.48316336166194523 0.09104629629629629 0.2329272898961284
27 0.6134259259259259 0.7286779981114259 0.08796296296296297 0.2329272898961284
27 0.7191388888888889 0.744409820585458 0.08025 0.19200188857412653
27 0.8125 0.7428423040604344 0.0663611111111111 0.19830028328611898