27 0.6334907407407407 0.22883786316776006 0.08796296296296297 0.19524835988753517
27 0.7237685185185185 0.22492970946579194 0.07099074074074074 0.2030646672914714
27 0.8055555555555556 0.23039362699156515 0.08333333333333333 0.18587628865979383
27 0.820212962962963 0.48578256794751645 0.09722222222222222 0.18432052483598874
27 0.7091018518518519 0.49515463917525776 0.08796296296296297 0.1749484536082474
27 0.6157407407407407 0.4803186504217432 0.08333333333333333 0.21087160262417995
27 0.6087962962962963 0.7286785379568884 0.0941388888888889 0.2421087160262418
27 0.7114166666666667 0.7513308341143392 0.08641666666666667 0.19681349578256796
27 0.8055555555555556 0.7497656982193065 0.07407407407407407 0.19681349578256796
28 0.19058333333333335 0.5498313027179006 0.10339814814814816 0.5342080599812559
28 0.32484259259259257 0.5240581068416119 0.08796296296296297 0.5951265229615745
28 0.46219444444444446 0.44283036551077787 0.10339814814814816 0.7388284910965324