29 0.1975277777777778 0.584051724137931 0.08025 0.5129310344827587
29 0.3202129629629629 0.5553189655172414 0.08178703703703703 0.5617844827586207
29 0.4537037037037037 0.4870689655172414 0.08025 0.6867844827586207
49 0.6288611111111111 0.29166379310344825 0.08178703703703703 0.19252586206896552
49 0.7191388888888889 0.29094827586206895 0.04937962962962963 0.18247413793103448
49 0.7955277777777777 0.2974137931034483 0.0787037037037037 0.16954310344827586
49 0.7075648148148148 0.5366379310344828 0.06326851851851852 0.15373275862068966
49 0.8063240740740741 0.5308879310344828 0.08178703703703703 0.16523275862068965
49 0.6126574074074074 0.7535948275862069 0.08025 0.21982758620689655
49 0.7121944444444444 0.7679568965517242 0.06944444444444445 0.17672413793103448
49 0.8016944444444445 0.771551724137931 0.06018518518518518 0.17816379310344826