49 0.20078125 0.13671875 0.3671875 0.0875
49 0.19765625 0.2265625 0.3578125 0.075
49 0.20546875 0.30234375 0.3671875 0.06875
49 0.2015625 0.38046875 0.36875 0.06875
49 0.20234375 0.45390625 0.3640625 0.06875
49 0.2078125 0.53828125 0.3578125 0.0765625
49 0.20546875 0.6234375 0.3515625 0.0671875
49 0.21484375 0.6953125 0.3734375 0.0734375
49 0.2078125 0.7703125 0.35625 0.0734375
49 0.2015625 0.84453125 0.3546875 0.0734375
49 0.56640625 0.13671875 0.3546875 0.08125
49 0.578125 0.221875 0.38125 0.078125
49 0.5796875 0.3046875 0.38125 0.0734375
49 0.571875 0.38984375 0.36875 0.08125
49 0.5765625 0.47890625 0.375 0.078125
49 0.571875 0.559375 0.365625 0.08125
49 0.571875 0.64296875 0.365625 0.0796875
49 0.5765625 0.72421875 0.3734375 0.0796875
49 0.5671875 0.81015625 0.35625 0.08125
49 0.5703125 0.89765625 0.38125 0.08125
29 0.82109375 0.50625 0.0796875 0.90625
29 0.921875 0.51484375 0.0859375 0.90625