49 0.72265625 0.03046875 0.3609375 0.0609375
49 0.74375 0.07578125 0.359375 0.1515625
49 0.74765625 0.15703125 0.3703125 0.153125
49 0.7609375 0.24140625 0.365625 0.1515625
49 0.7734375 0.3203125 0.3640625 0.1515625
49 0.784375 0.4125 0.3703125 0.1609375
49 0.7921875 0.50390625 0.3484375 0.15
49 0.7828125 0.584375 0.35625 0.1609375
49 0.7953125 0.6640625 0.31875 0.1546875
49 0.8015625 0.74453125 0.29375 0.153125
49 0.35078125 0.0734375 0.4140625 0.146875
49 0.35078125 0.15625 0.4453125 0.178125
49 0.36171875 0.2453125 0.4453125 0.171875
49 0.38359375 0.33671875 0.434375 0.1796875
49 0.390625 0.434375 0.4390625 0.1765625
49 0.40859375 0.52109375 0.428125 0.178125
49 0.4203125 0.61171875 0.428125 0.175
49 0.42734375 0.70078125 0.4375 0.1765625
49 0.4515625 0.79140625 0.41875 0.175
49 0.459375 0.8875 0.446875 0.18125
29 0.1546875 0.5328125 0.309375 0.9328125
29 0.1 0.5453125 0.2 0.909375