49 0.0578125 0.24296875 0.1125 0.3578125
49 0.13125 0.2296875 0.1421875 0.35
49 0.21328125 0.22890625 0.1375 0.3625
49 0.29609375 0.21953125 0.1390625 0.359375
49 0.3734375 0.21015625 0.1375 0.35625
49 0.46484375 0.2046875 0.1484375 0.359375
49 0.55390625 0.20078125 0.1328125 0.3390625
49 0.6328125 0.21015625 0.14375 0.3484375
49 0.71328125 0.2 0.1421875 0.3171875
49 0.79296875 0.19453125 0.1390625 0.2953125
49 0.10546875 0.61171875 0.1578125 0.403125
49 0.1984375 0.615625 0.1609375 0.4296875
49 0.2875 0.609375 0.1546875 0.43125
49 0.37734375 0.5921875 0.1609375 0.41875
49 0.47265625 0.58828125 0.159375 0.4234375
49 0.55859375 0.57578125 0.1609375 0.415625
49 0.64765625 0.5671875 0.1609375 0.415625
49 0.73515625 0.5625 0.1625 0.425
49 0.825 0.54453125 0.1578125 0.4046875
49 0.91875 0.5390625 0.1625 0.43125
29 0.534375 0.84609375 0.93125 0.2984375
29 0.54375 0.9015625 0.9125 0.196875