42 0.090625 0.33671875 0.0578125 0.409375
42 0.140625 0.365625 0.0953125 0.3984375
42 0.17109375 0.384375 0.1265625 0.3953125
42 0.20703125 0.428125 0.1375 0.4078125
42 0.2703125 0.48828125 0.0875 0.471875
42 0.3453125 0.55625 0.0984375 0.4828125
42 0.55703125 0.3828125 0.3125 0.0953125
42 0.58359375 0.4140625 0.3421875 0.1015625
42 0.628125 0.4921875 0.325 0.10625
42 0.61171875 0.44609375 0.3453125 0.1046875
42 0.65859375 0.54296875 0.3375 0.1015625
42 0.68359375 0.5875 0.328125 0.1109375
42 0.7125 0.6375 0.34375 0.1046875
42 0.75859375 0.6828125 0.3515625 0.1078125
42 0.78203125 0.73515625 0.3375 0.121875
42 0.815625 0.7875 0.3484375 0.11875