42 0.08465 0.34243333333333337 0.0716 0.4
42 0.552275 0.37803333333333333 0.322725 0.0985
42 0.8193250000000001 0.8022666666666667 0.33862499999999995 0.1288
42 0.353975 0.5681666666666666 0.069325 0.45149999999999996
42 0.326125 0.5401666666666667 0.077275 0.4227333333333333
42 0.175 0.4030333333333333 0.08862500000000001 0.4
42 0.2625 0.48560000000000003 0.0909 0.42879999999999996
42 0.778975 0.7295333333333334 0.32159999999999994 0.11969999999999999
42 0.744325 0.6863666666666667 0.322725 0.11516666666666665
42 0.7056749999999999 0.6318333333333334 0.32045 0.11816666666666667
42 0.6858 0.5886333333333333 0.326125 0.09546666666666667
42 0.652275 0.5439333333333334 0.322725 0.10303333333333334
42 0.624425 0.5 0.319325 0.10606666666666667
42 0.5948749999999999 0.4545333333333334 0.3034 0.10303333333333334