42 0.6328125 0.9546875 0.4265625 0.090625
42 0.6078125 0.91875 0.4203125 0.1625
42 0.59296875 0.88515625 0.4203125 0.2
42 0.55234375 0.84140625 0.434375 0.215625
42 0.49765625 0.7671875 0.49375 0.171875
42 0.4375 0.67890625 0.5046875 0.1859375
42 0.63828125 0.49453125 0.140625 0.3375
42 0.60859375 0.4640625 0.15 0.3671875
42 0.534375 0.40546875 0.153125 0.35
42 0.5796875 0.4296875 0.153125 0.371875
42 0.4859375 0.3640625 0.15 0.3640625
42 0.44375 0.33203125 0.1578125 0.35625
42 0.3953125 0.29296875 0.153125 0.371875
42 0.3546875 0.23828125 0.1578125 0.378125
42 0.30390625 0.20546875 0.1703125 0.3671875
42 0.25234375 0.18046875 0.1671875 0.34375