42 0.09035 0.33636666666666665 0.05795 0.4091
42 0.14035 0.3659 0.09432499999999999 0.39849999999999997
42 0.17102499999999998 0.3841 0.12612500000000001 0.3954666666666667
42 0.207375 0.4280333333333333 0.1375 0.40756666666666663
42 0.27045 0.48863333333333336 0.086375 0.47120000000000006
42 0.34545000000000003 0.5560666666666666 0.097725 0.4818333333333334
42 0.557375 0.38256666666666667 0.3125 0.09546666666666667
42 0.583525 0.4144 0.34204999999999997 0.10149999999999999
42 0.62785 0.4924333333333333 0.323875 0.10606666666666667
42 0.611925 0.44620000000000004 0.344325 0.10453333333333333
42 0.658525 0.5431666666666666 0.3375 0.10149999999999999
42 0.683525 0.5871333333333333 0.3284 0.1106
42 0.7125 0.6371333333333333 0.343175 0.10453333333333333
42 0.7585250000000001 0.6825666666666667 0.35112499999999996 0.10756666666666667
42 0.781825 0.7348333333333333 0.33637500000000004 0.1212
42 0.81535 0.7878666666666667 0.34887500000000005 0.11816666666666667