29 0.5046875 0.06640625 0.9609375 0.1328125
49 0.98046875 0.23359375 0.0265625 0.2296875
49 0.9109375 0.23359375 0.0890625 0.2609375
49 0.83046875 0.23046875 0.078125 0.271875
49 0.74921875 0.24375 0.0828125 0.25625
49 0.6609375 0.2578125 0.090625 0.240625
49 0.5640625 0.26875 0.0640625 0.2546875
49 0.48984375 0.2609375 0.078125 0.284375
49 0.40625 0.2984375 0.0734375 0.246875
49 0.33125 0.3078125 0.0515625 0.221875
49 0.253125 0.3109375 0.0625 0.2296875
49 0.1703125 0.3265625 0.071875 0.23125
49 0.1046875 0.29140625 0.0796875 0.2953125
49 0.0265625 0.33203125 0.053125 0.2734375
49 0.9703125 0.57890625 0.04375 0.3265625
49 0.88515625 0.590625 0.0984375 0.303125
49 0.76796875 0.6140625 0.0828125 0.275
49 0.64921875 0.60859375 0.090625 0.31875
49 0.540625 0.6109375 0.09375 0.31875
49 0.4125 0.63828125 0.10625 0.3
49 0.28671875 0.6515625 0.109375 0.31875
49 0.1765625 0.65703125 0.1015625 0.315625
49 0.0453125 0.64765625 0.090625 0.353125
29 0.51953125 0.8640625 0.9328125 0.2