50 0.19722499999999998 0.47619047619047616 0.13518333333333332 0.7407359307359308
50 0.24213333333333334 0.4882106782106782 0.13610833333333333 0.7487590187590187
50 0.29814999999999997 0.5010389610389611 0.11851666666666666 0.7711976911976913
50 0.3439833333333333 0.4858152958152958 0.11944166666666668 0.7695959595959596
50 0.38703333333333334 0.4825974025974026 0.12036666666666666 0.7631890331890332
50 0.42546666666666666 0.5034487734487735 0.10648333333333333 0.7535642135642137
50 0.46389166666666665 0.4954256854256854 0.09815 0.7631890331890332
50 0.513425 0.5058585858585859 0.08240833333333333 0.7391341991341992
50 0.5518500000000001 0.5010389610389611 0.077775 0.7744155844155843
50 0.5986083333333334 0.4922222222222222 0.07869999999999999 0.7856277056277057
50 0.6236083333333333 0.49864357864357867 0.06944166666666667 0.7663924963924964
50 0.67315 0.5026406926406927 0.0537 0.7776190476190477
50 0.7166666666666667 0.5042424242424243 0.06481666666666666 0.7808225108225109
50 0.7745333333333334 0.5018470418470418 0.06944166666666667 0.7824242424242425
50 0.8236083333333334 0.5042424242424243 0.07685 0.7615873015873016