29 0.4625 0.10078125 0.925 0.2015625
49 0.01640625 0.39375 0.0265625 0.23125
49 0.07578125 0.3765625 0.1078125 0.265625
49 0.1546875 0.3515625 0.0984375 0.2765625
49 0.23515625 0.34296875 0.1015625 0.2609375
49 0.3234375 0.334375 0.109375 0.24375
49 0.41953125 0.31875 0.0828125 0.2578125
49 0.49140625 0.29140625 0.1 0.2890625
49 0.57890625 0.30625 0.0921875 0.2515625
49 0.653125 0.29453125 0.0703125 0.2234375
49 0.73046875 0.27734375 0.0796875 0.2328125
49 0.8125 0.2703125 0.0890625 0.2359375
49 0.871875 0.21796875 0.103125 0.3
49 0.95703125 0.23671875 0.08125 0.275
49 0.05859375 0.7328125 0.0921875 0.3296875
49 0.15546875 0.7203125 0.121875 0.3078125
49 0.2734375 0.71171875 0.1046875 0.2796875
49 0.3875 0.675 0.115625 0.3203125
49 0.4953125 0.6484375 0.11875 0.321875
49 0.6234375 0.64140625 0.1296875 0.30625
49 0.7484375 0.62109375 0.134375 0.325
49 0.85625 0.596875 0.125 0.3203125
49 0.96171875 0.55390625 0.0765625 0.35625
29 0.52890625 0.8796875 0.9421875 0.2359375