42 0.7875 0.27666666666666667 0.42 0.11333333333333333
42 0.765625 0.35583333333333333 0.42625 0.09833333333333333
42 0.4275 0.6358333333333334 0.43 0.11833333333333333
42 0.480625 0.5775 0.37125 0.13166666666666665
42 0.23 0.37916666666666665 0.4275 0.14166666666666666
42 0.244375 0.3466666666666667 0.39125 0.13666666666666666
42 0.280625 0.2891666666666667 0.42375 0.12833333333333333
42 0.30125 0.2575 0.405 0.13166666666666665
42 0.3225 0.23166666666666666 0.4 0.12333333333333334
42 0.339375 0.18166666666666667 0.39375 0.12333333333333334
42 0.176875 0.49833333333333335 0.07375 0.21