50 0.1734375 0.5453125 0.346875 0.8015625
50 0.2 0.52890625 0.359375 0.7671875
50 0.26484375 0.53125 0.3625 0.7984375
50 0.30859375 0.51796875 0.35 0.7859375
50 0.359375 0.51484375 0.35 0.7875
50 0.3890625 0.5140625 0.3375 0.7984375
50 0.4328125 0.4921875 0.3265625 0.7625
50 0.4765625 0.478125 0.315625 0.7625
50 0.52421875 0.47578125 0.296875 0.7734375
50 0.559375 0.45703125 0.2828125 0.759375
50 0.5984375 0.44453125 0.2921875 0.7765625
50 0.625 0.43203125 0.284375 0.7546875
50 0.6625 0.4234375 0.296875 0.7734375
50 0.690625 0.41796875 0.2984375 0.775
50 0.74375 0.40234375 0.2703125 0.771875
50 0.7859375 0.39453125 0.328125 0.7890625