42 0.33854375 0.18333333333333332 0.4 0.11110833333333335
42 0.79010625 0.26944166666666663 0.41979374999999997 0.1
42 0.7651062500000001 0.359725 0.41145625 0.09444166666666666
42 0.17604375 0.6784749999999999 0.05833125 0.5430583333333333
42 0.48176875 0.5736083333333334 0.41145625 0.125
42 0.46301875000000003 0.6159749999999999 0.38645625 0.07916666666666666
42 0.425 0.640275 0.4125 0.11110833333333335
42 0.42708125 0.6784749999999999 0.36458125 0.09583333333333334
42 0.32760625 0.22708333333333333 0.39270625000000003 0.1125
42 0.30416875 0.25625 0.4 0.10416666666666667
42 0.29010625 0.27360833333333334 0.409375 0.13889166666666666
42 0.26301874999999997 0.31527499999999997 0.40520625000000005 0.13889166666666666
42 0.24010625000000002 0.3486083333333333 0.390625 0.147225
42 0.2171875 0.38680833333333337 0.38854374999999997 0.12083333333333333