29 0.49765625 0.10147891755821271 0.9171875 0.0802391441157961
49 0.03125 0.3272498426683449 0.0625 0.2171176840780365
49 0.121875 0.3201699181875393 0.071875 0.2407174323473883
49 0.19921875 0.30994336060415356 0.0609375 0.2517306482064191
49 0.275 0.3146633102580239 0.065625 0.23599748269351795
49 0.35859375 0.3201699181875393 0.0734375 0.21869100062932662
49 0.45078125 0.3209565764631844 0.0484375 0.23599748269351795
49 0.52109375 0.30679672750157333 0.0609375 0.2643171806167401
49 0.60078125 0.3343297671491504 0.0578125 0.22813089993706734
49 0.671875 0.33590308370044053 0.0375 0.20610446821900566
49 0.74609375 0.3311831340465702 0.0484375 0.21239773442416615
49 0.8234375 0.3382630585273757 0.05625 0.21397105097545627
49 0.8859375 0.2989301447451227 0.0625 0.2737570799244808
49 0.96796875 0.3303964757709251 0.0515625 0.2548772813089994
49 0.04765625 0.6529263687853997 0.0734375 0.3052234109502832
49 0.153125 0.656859660163625 0.078125 0.2784770295783512
49 0.2640625 0.6670862177470107 0.065625 0.2548772813089994
49 0.37578125 0.6505663939584645 0.0703125 0.29421019509125235
49 0.4796875 0.6426998112020138 0.075 0.29421019509125235
49 0.6 0.656859660163625 0.0875 0.2753303964757709
49 0.71953125 0.65764631843927 0.0890625 0.29263687853996223
49 0.8234375 0.6521397105097546 0.08125 0.2910635619886721
49 0.94765625 0.631686595342983 0.0671875 0.328823159219635
29 0.47578125 0.881843926998112 0.9328125 0.10226557583385777