1 0.5015625 0.89140625 0.6515625 0.2171875
1 0.5046875 0.815625 0.60625 0.2140625
1 0.5 0.72734375 0.590625 0.2078125
1 0.48359375 0.6578125 0.559375 0.2046875
1 0.478125 0.5765625 0.55 0.1890625
1 0.465625 0.525 0.5140625 0.1796875
1 0.46875 0.453125 0.51875 0.190625
1 0.46640625 0.40234375 0.490625 0.1828125
1 0.46328125 0.33359375 0.478125 0.1890625
1 0.4625 0.2765625 0.475 0.1875
1 0.4578125 0.221875 0.4453125 0.18125
1 0.4453125 0.17734375 0.421875 0.16875
1 0.4484375 0.1328125 0.41875 0.15625
1 0.440625 0.0921875 0.421875 0.165625