1 0.89609375 0.4640625 0.2078125 0.696875
1 0.853125 0.49296875 0.271875 0.65
1 0.759375 0.5140625 0.2640625 0.6328125
1 0.68203125 0.51796875 0.2578125 0.596875
1 0.59609375 0.5375 0.2390625 0.5890625
1 0.53828125 0.53984375 0.2265625 0.55
1 0.465625 0.56484375 0.2390625 0.55625
1 0.4109375 0.57734375 0.2296875 0.5234375
1 0.33984375 0.59296875 0.2359375 0.5125
1 0.2796875 0.61015625 0.23125 0.5078125
1 0.221875 0.62265625 0.2265625 0.4765625
1 0.17109375 0.621875 0.209375 0.453125
1 0.12890625 0.63828125 0.1890625 0.4453125
1 0.10859375 0.640625 0.1484375 0.440625