1 0.48515625 0.853125 0.6125 0.09375
1 0.47578125 0.778125 0.56875 0.0984375
1 0.4734375 0.69140625 0.553125 0.09375
1 0.48359375 0.62265625 0.521875 0.096875
1 0.48203125 0.54375 0.515625 0.0828125
1 0.490625 0.4921875 0.48125 0.08125
1 0.48203125 0.4234375 0.484375 0.090625
1 0.4796875 0.3734375 0.45625 0.0890625
1 0.478125 0.30703125 0.44375 0.096875
1 0.47421875 0.2515625 0.440625 0.0953125
1 0.47421875 0.19765625 0.4109375 0.0984375
1 0.48359375 0.15390625 0.390625 0.0875
1 0.4765625 0.1109375 0.3890625 0.075
1 0.4796875 0.0640625 0.390625 0.1015625