1 0.48717187500000003 0.0543125 0.416296875 0.09077083333333333
1 0.48939062499999997 0.11383333333333333 0.43415625 0.078875
1 0.47321875 0.19047916666666667 0.455359375 0.09820833333333333
1 0.484375 0.3080416666666667 0.484375 0.09820833333333333
1 0.48717187500000003 0.36160416666666667 0.50334375 0.077375
1 0.49498437500000003 0.4174166666666667 0.541296875 0.08779166666666667
1 0.489953125 0.4620625 0.49329687499999997 0.108625
1 0.48326562500000003 0.5446458333333334 0.506703125 0.08035416666666667
1 0.48103125 0.6302083333333334 0.513390625 0.0699375
1 0.474890625 0.68825 0.53459375 0.09375
1 0.47545312500000003 0.7745625 0.5625 0.09970833333333333
1 0.47990625 0.8482083333333333 0.58928125 0.1011875