1 0.478234375 0.06175 0.40735937499999997 0.11160416666666667
1 0.49498437500000003 0.4776875 0.505578125 0.1160625
1 0.486609375 0.4263333333333333 0.47321875 0.08779166666666667
1 0.49329687499999997 0.3623541666666667 0.47321875 0.09375
1 0.48046875 0.29464583333333333 0.447546875 0.110125
1 0.482703125 0.233625 0.4453125 0.125
1 0.47935937500000003 0.15179166666666666 0.44084375 0.110125
1 0.48157812499999997 0.68675 0.5390625 0.09970833333333333
1 0.486046875 0.6123541666666666 0.514515625 0.108625
1 0.48326562500000003 0.546125 0.5 0.08333333333333333
1 0.484375 0.8534166666666666 0.600453125 0.09375
1 0.47767187499999997 0.7790208333333334 0.55803125 0.09077083333333333