49 0.09903846153846153 0.19008760951188985 0.16538461538461538 0.26752190237797246
49 0.1976 0.17991239048811014 0.1971153846153846 0.30350438047559447
49 0.3019230769230769 0.21355444305381727 0.20961538461538462 0.3113266583229036
49 0.39615384615384613 0.20103879849812265 0.2 0.35826032540675845
49 0.475 0.1846057571964956 0.20192307692307693 0.32227784730913644
49 0.5793307692307692 0.17757196495619523 0.1971153846153846 0.31758448060075095
49 0.6759615384615385 0.18382978723404256 0.2 0.2737797246558198
49 0.7692307692307693 0.18773466833541927 0.2076923076923077 0.32227784730913644
49 0.8740384615384615 0.1830413016270338 0.20192307692307693 0.30663329161451813
49 0.13125384615384614 0.6109261576971214 0.2221153846153846 0.3113266583229036
49 0.24086923076923075 0.5897997496871089 0.21634615384615385 0.29411764705882354
49 0.3649076923076923 0.5984105131414268 0.2201923076923077 0.3050688360450563
49 0.45576923076923076 0.5937171464330413 0.2076923076923077 0.29881101376720903
49 0.6649076923076923 0.623441802252816 0.20673076923076922 0.3613892365456821