49 0.09921875 0.18984375 0.165625 0.2671875
49 0.19765625 0.1796875 0.196875 0.303125
49 0.3015625 0.21328125 0.209375 0.3109375
49 0.39609375 0.20078125 0.2 0.359375
49 0.475 0.184375 0.2015625 0.3234375
49 0.5796875 0.17734375 0.196875 0.31875
49 0.67578125 0.18359375 0.2 0.2734375
49 0.76953125 0.1875 0.2078125 0.3234375
49 0.87421875 0.1828125 0.2015625 0.30625
49 0.13125 0.6109375 0.221875 0.3109375
49 0.240625 0.58984375 0.2171875 0.29375
49 0.36484375 0.5984375 0.2203125 0.3046875
49 0.45546875 0.59375 0.2078125 0.2984375
49 0.66484375 0.6234375 0.2078125 0.3625