49 0.05546875 0.1484375 0.0875 0.2703125
49 0.2015625 0.23984375 0.08125 0.3484375
49 0.43125 0.25234375 0.0859375 0.3125
49 0.55390625 0.2625 0.1 0.30625
49 0.68359375 0.2359375 0.0546875 0.3171875
49 0.81796875 0.25234375 0.065625 0.3265625
49 0.196875 0.73359375 0.0703125 0.3125
49 0.31328125 0.74296875 0.0765625 0.3171875
49 0.45234375 0.71796875 0.0765625 0.35625
49 0.57265625 0.70078125 0.090625 0.390625
49 0.69609375 0.73125 0.0671875 0.3296875
49 0.8109375 0.7203125 0.0765625 0.3421875
49 0.9359375 0.728125 0.065625 0.3265625