49 0.055247732030704814 0.14810374149659863 0.08722958827634333 0.2706887755102041
49 0.20179344033496163 0.239515306122449 0.08025122121423586 0.3486394557823129
49 0.431493370551291 0.25227040816326535 0.08606420097697139 0.3117942176870748
49 0.5536147941381717 0.26218537414965987 0.10002093510118633 0.30612244897959184
49 0.6833007676203768 0.23596938775510204 0.05466154919748779 0.31604591836734697
49 0.8176343335659456 0.25227040816326535 0.06512909979064899 0.3259608843537415
49 0.19655966503838104 0.7334183673469388 0.06978367062107467 0.3132057823129252
49 0.3134473133286811 0.7433418367346939 0.0755966503838102 0.31604591836734697
49 0.4524284717376134 0.7178316326530612 0.07676203768318214 0.35572278911564625
49 0.5728053035589672 0.7008248299319727 0.08955338450802514 0.3897363945578231
49 0.6960921144452198 0.7312925170068028 0.06629448709002093 0.3288010204081633
49 0.8106559665038382 0.7206632653061225 0.07676203768318214 0.3415561224489796
49 0.9362665736217726 0.7284608843537415 0.06512909979064899 0.3259608843537415